Embedding Norm Statistics
==================================================

Child Image:
  Count: 10000
  Mean: 0.636068
  Std: 0.005833
  Min: 0.597432
  Max: 0.657265

Parent Image:
  Count: 18995
  Mean: 0.629999
  Std: 0.007143
  Min: 0.582302
  Max: 0.652551

Child Text:
  Count: 10000
  Mean: 0.386220
  Std: 0.024682
  Min: 0.310362
  Max: 0.483953

Parent Text:
  Count: 18995
  Mean: 0.320322
  Std: 0.040846
  Min: 0.170635
  Max: 0.472500
